16498
1535
5114
30276
11757
31964
38000
20
22319
11061
32281
25777
9253
33486
40748
1735
19815
35760
21
28851
38524
1575
23273
4224
31240
36456
20507
31043
22199
6547
32182
23755
10620
24833
40028
21881
20583
37779
269
30831
9919
22535
1
199
30
2904
27899
33352
28223
6702
38691
37450
37999
18679
38408
34134
11111
14719
34572
28171
35849
13601
3588
2001
9989
28999
29803
35790
15809
28121
40456
37510
50265
226
8074
32937
10087
37521
34933
121
44511
30503
14813
30654
11617
37430
28891
2167
6746
5081
47778
31478
12189
34599
42897
14741
26243
40591
431
38671
39535
9756
48583
164
7054
13759
35507
6880
42249
205
33206
813
10793
37520
20899
11771
32935
4181
4898
36511
18897
41587
18153
23283
35120
32282
34577
853
37349
17265
11741
31933
26055
19
39587
33255
14227
22297
918
20785
23847
523
5680
14513
36474
17895
48736
30015
223
40852
15583
35073
37991
30240
889
22043
38826
35968
40839
35788
36098
30296
2025
356
1689
27775
38101
16592
6045
39551
23289
777
32
38883
21995
35062
20787
39617
849
40221
32615
15451
43608
2251
41353
37675
48561
45576
10165
50602
32995
33487
37799
42203
24439
48926
30484
33674
34566
16782
41025
14345
36649
16894
28701
32867
25013
39195
47
18115
25157
11887
457
51009
32729
30694
38680
245
11843
10408
227
1195
4654
2966
28623
12355
37347
10719
29786
934
28907
40776
18507
24703
249
42361
2236
40496
28927
28677
13125
37105
37086
51019
32542
38040
339
14467
40956
33506
24415
6
41457
39597
30307
40356
43299
37982
36896
52034
41487
31798
1210
18671
41389
11597
31859
34902
31765
49926
32951
270
39701
39547
32998
37210
32901
36949
11759
31722
42310
39783
38329
437
27787
7791
1482
36882
28825
11633
2993
8769
392
32949
31646
23233
28297
30123
1818
578
17074
35994
2476
22789
30544
23277
34618
877
22147
40052
23281
14289
16742
14713
50172
34280
33
1887
49596
37141
790
34542
33489
3455
18277
9041
46569
6347
34612
19163
28497
43
40834
527
225
8525
8841
38003
28977
7674
49918
36475
11499
38659
17729
23321
39940
48316
7311
40540
6213
51535
16870
40938
3457
16067
51096
7724
14075
37987
9513
11577
40454
35860
136
39534
2034
31580
15315
263
36407
512
25183
40750
7593
2890
50346
49387
39565
31339
6707
39533
5630
2759
6594
35203
1604
25397
38656
14749
15689
31637
9969
42923
39247
8425
27631
31442
38668
34822
31404
34403
3784
1943
120
4081
355
14967
47917
46095
4382
38790
9260
40902
7088
48580
47790
41467
5681
45613
1519
34382
25781
22729
32105
48895
52991
36296
47194
36563
34281
48556
11013
1840
34497
40417
35972
35839
51179
34561
71
8861
10162
45
34881
10110
48661
8675
37976
5341
16011
48483
39463
14833
513
23199
34798
48569
59
39196
1889
5958
31741
9656
54112
50709
34662
31181
37171
41226
40010
39017
50631
23673
48413
42938
36038
28755
18397
32093
8937
10800
52211
31758
46352
35557
33731
31636
36862
27989
38483
1691
25537
32899
24765
32887
15225
15051
7785
3712
38555
25835
21603
31757
3785
53393
48549
10863
38186
40935
13659
237
34451
232
10161
31737
6956
5530
31953
41084
37984
41433
41120
35851
41168
21855
2593
17549
13161
25159
37345
16417
53887
46102
28805
41491
40911
11319
12549
4214
34443
24405
28025
22265
323
39741
40787
34934
52299
33988
43692
21843
6573
43523
42963
29095
4063
19221
25681
41623
40357
22145
12445
32380
552
32686
35180
30363
33502
36946
30749
467
35247
268
481
27831
40571
6114
20541
8795
39026
18247
20031
35466
22135
7817
10080
12293
36633
6033
16049
11433
21647
36028
33049
12531
38472
21405
41710
44961
33475
530
15037
8676
20853
41899
10790
50273
185
27833
11981
150
8630
6675
5
53126
28249
1292
40586
572
52305
40507
40530
8516
40908
13663
3786
41456
31338
37475
33926
10490
4752
32262
34626
3470
40046
30727
154
22877
43969
46471
40060
12413
19369
32379
585
228
384
31173
44203
24455
11785
20057
16762
7647
66
11285
32189
10030
44074
3002
857
26349
38759
38397
40497
17513
7711
235
13667
33050
38992
16706
32827
2605
38572
50608
35838
57
49220
36793
21085
35413
15379
10495
37786
40904
21431
16524
35222
38753
5682
9181
16662
39792
34636
30016
2418
41488
11703
37497
9289
27991
28725
430
38993
12365
5042
6500
9617
41619
2104
24
202
37095
10396
40716
30911
42351
37435
49520
17247
20767
43690
9367
2246
47164
31704
34240
48417
15417
37744
41094
33028
39326
861
50594
31772
27821
12291
820
32828
31764
47160
20021
12467
21327
1698
10163
486
22101
41402
34437
54595
44037
34096
14349
24133
27655
22663
2787
1726
34279
36106
39710
9515
18677
35639
9379
4059
44942
48849
31952
10213
31658
14199
39468
20689
38080
1559
37517
8086
34984
14131
51958
10721
39198
36726
40056
37965
31163
101
21939
35946
4901
48761
28819
170
40262
48760
40004
6211
2472
442
33743
15085
21557
72
35847
32648
11933
36470
33253
15039
50461
54856
9936
16918
50425
50739
31845
13655
759
36286
8407
28735
41345
35076
50175
12477
41380
6205
39575
4975
50380
29758
31229
387
12729
39292
38573
5258
3731
6811
32902
40595
39576
12859
1686
38084
40594
79
25099
50612
21863
7769
35848
49470
37055
34944
35712
44
14829
38610
38778
50330
52830
41006
597
7592
49114
9062
21339
11737
29785
48675
50197
48415
47159
1530
68
18753
39491
39586
49709
4722
35608
51213
51105
34176
35928
16
19429
30346
39523
31376
4437
189
6512
528
24701
10521
54492
6351
43007
10588
31374
51180
31
20047
73
34104
21105
28675
49891
32188
16001
28979
30885
42205
19111
41930
38414
7338
34914
21877
19647
25283
2924
36023
53411
35376
5060
8246
11761
20847
3092
16904
210
41946
30458
19769
329
4155
38816
44524
10379
34012
52578
51552
36432
26
3503
42192
239
42916
10589
53998
33161
416
12175
25879
37569
2889
43325
5300
48414
32268
18245
23317
36027
51367
43439
48753
52198
11665
18689
550
41461
38297
10067
44200
30736
44276
49930
50416
41468
5277
6324
31251
41109
3782
47161
10568
33836
14353
15335
21561
4725
