16498
1535
5114
30276
11757
31964
38000
20
22319
11061
32281
25777
9253
33486
40748
1735
19815
35760
21
28851
38524
1575
23273
4224
31240
36456
20507
31043
22199
6547
32182
23755
10620
24833
40028
21881
20583
37779
269
30831
9919
22535
1
199
30
2904
27899
33352
28223
6702
38691
37999
37450
18679
38408
34134
11111
14719
34572
28171
35849
13601
3588
2001
9989
28999
29803
35790
15809
28121
50265
40456
37510
226
8074
32937
10087
37521
34933
44511
121
30503
14813
30654
11617
37430
28891
2167
6746
5081
47778
31478
34599
12189
42897
14741
40591
26243
431
38671
39535
9756
48583
164
35507
7054
13759
42249
6880
205
33206
813
37520
10793
20899
11771
32935
4181
4898
36511
41587
18897
18153
23283
35120
32282
34577
853
37349
17265
31933
11741
26055
19
39587
33255
14227
22297
918
20785
23847
523
5680
14513
36474
48736
17895
30015
223
40852
15583
35073
37991
30240
889
22043
38826
35968
40839
35788
36098
30296
2025
356
1689
27775
38101
6045
39551
16592
38883
777
23289
32
21995
35062
20787
39617
849
40221
32615
15451
43608
48561
2251
41353
37675
45576
10165
50602
32995
33487
37799
42203
48926
24439
30484
33674
41025
34566
16782
14345
36649
16894
32867
28701
25013
39195
51009
47
18115
25157
11887
457
38680
30694
32729
245
11843
10408
227
1195
4654
2966
28623
37347
12355
10719
29786
40776
28907
934
18507
24703
249
42361
2236
40496
28927
28677
51019
13125
37105
37086
339
32542
38040
40956
14467
33506
6
24415
41457
39597
52034
40356
43299
30307
37982
36896
41487
31798
1210
18671
41389
11597
49926
31859
34902
31765
32951
39701
270
39547
37210
32998
32901
36949
42310
31722
11759
39783
38329
437
27787
7791
36882
1482
28825
11633
2993
392
8769
32949
31646
23233
30123
28297
1818
578
17074
35994
2476
22789
30544
23277
877
34618
40052
50172
22147
23281
14289
14713
49596
16742
33
34280
1887
37141
790
46569
34542
33489
3455
18277
9041
34612
6347
19163
28497
43
40834
527
225
8525
38003
28977
8841
49918
7674
36475
48316
38659
51535
11499
17729
23321
39940
40540
7311
6213
51096
16870
40938
3457
16067
7724
37987
14075
9513
11577
40454
35860
39534
2034
136
31580
263
36407
15315
512
25183
49387
40750
2890
7593
50346
39565
39533
31339
6707
5630
2759
6594
35203
1604
38656
25397
14749
15689
42923
31637
9969
39247
8425
27631
52991
31442
38668
34822
34403
31404
3784
1943
47917
120
4081
355
14967
46095
38790
4382
40902
9260
7088
48580
41467
47790
5681
45613
1519
34382
25781
22729
48895
32105
47194
36296
36563
51179
34281
48556
40417
34497
11013
35972
1840
35839
34561
71
8861
10162
45
34881
48661
10110
8675
37976
5341
54112
48483
16011
39463
48569
513
14833
34798
23199
59
39196
52211
50709
31741
9656
1889
5958
34662
31181
37171
41226
50631
39017
40010
23673
42938
48413
36038
28755
52299
18397
32093
10800
8937
31758
46352
35557
36862
33731
31636
27989
38483
1691
25537
32899
32887
24765
15225
7785
15051
38555
3712
53393
25835
3785
31757
21603
48549
10863
40935
38186
34451
232
13659
237
10161
31737
53887
6956
41084
5530
37984
31953
41433
41168
41120
35851
21855
2593
17549
13161
37345
25159
46102
16417
28805
41491
40911
11319
34443
12549
4214
40787
24405
39741
43523
323
28025
22265
34934
43692
33988
21843
42963
6573
40357
29095
4063
25681
41623
19221
22145
12445
32380
552
32686
35180
36946
33502
30363
30749
35247
467
268
40571
481
27831
6114
20541
8795
39026
18247
35466
22135
20031
7817
10080
12293
36633
6033
16049
36028
21647
33049
11433
41710
12531
38472
21405
44961
50273
33475
530
53126
15037
41899
8676
20853
185
10790
27833
52305
11981
150
6675
8630
5
40586
572
1292
40530
28249
40507
40908
8516
3786
13663
41456
31338
37475
33926
10490
32262
4752
40046
34626
3470
43969
30727
154
46471
22877
40060
12413
19369
585
32379
228
44203
31173
384
24455
11785
44074
66
20057
16762
7647
32189
11285
10030
3002
857
26349
38759
38397
40497
7711
17513
33050
235
13667
38992
32827
16706
2605
50608
38572
49220
35838
57
36793
21085
35413
15379
37786
40904
35222
10495
38753
21431
16524
5682
16662
34636
39792
9181
30016
41488
2418
37497
11703
9289
27991
28725
38993
430
5042
12365
6500
41619
9617
37095
2104
202
24
40716
49520
42351
10396
30911
37435
17247
43690
20767
47164
48417
2246
50594
9367
41094
31704
37744
15417
54595
34240
39326
33028
47160
861
31772
27821
12291
820
32828
31764
20021
12467
21327
44037
1698
486
41402
10163
22101
34437
34096
14349
24133
27655
22663
1726
2787
34279
36106
39710
9515
44942
35639
18677
48849
9379
4059
39468
31952
31658
10213
14199
38080
20689
51958
1559
37517
8086
34984
14131
39198
10721
36726
40056
48761
48760
37965
21939
54856
31163
40262
101
35946
170
4901
40004
28819
2472
442
6211
21557
33743
35847
15085
32648
72
11933
50739
36470
50425
50461
33253
15039
9936
16918
31845
759
13655
36286
50175
8407
41345
28735
35076
41380
12477
50380
6205
39575
29758
4975
54492
387
31229
12729
39292
5258
38573
39576
6811
3731
40595
32902
50612
12859
40594
38084
1686
25099
49470
51180
79
21863
52830
35848
37055
7769
50330
34944
35712
44
14829
38778
38610
41006
50197
49114
597
48415
48675
47159
7592
11737
21339
9062
29785
1530
49709
18753
39491
68
51105
51213
39586
35608
4722
34176
35928
16
30346
39523
19429
31376
4437
189
6512
24701
528
10521
43007
6351
10588
31374
49891
31
20047
34104
73
21105
28675
32188
52578
16001
28979
30885
42205
53411
19111
41930
38414
7338
34914
19647
21877
25283
36023
35376
2924
8246
5060
11761
51552
20847
3092
16904
41946
210
38816
4155
30458
329
53998
19769
44524
34012
10379
36432
26
42192
42916
3503
10589
239
416
33161
52198
43325
25879
12175
50416
37569
2889
48414
5300
51367
32268
18245
23317
36027
43439
48753
41461
11665
38297
550
49930
44200
18689
55644
44276
41468
10067
30736
5277
31251
6324
41109
47161
3782
15335
33836
10568
14353
21561
